输出改进
如：=== Rank 0 的计算结果 ===
Rank 0 Row 1: 8 8 8 8 8 8 8 8 8 8 8 8 8 8 8 8
Rank 0 Row 2: 8 7.11176 6.37155 5.84283 5.54071 5.38966 5.33309 5.31505 5.31505 5.33309 5.38966 5.54071 5.84283 6.37155 7.11176 8
Rank 0 Row 3: 8 6.37155 4.99689 4.0452 3.47871 3.21436 3.10752 3.07731 3.07731 3.10752 3.21436 3.47871 4.0452 4.99689 6.37155 8
Rank 0 Row 4: 8 5.84283 4.0452 2.77628 2.05118 1.69871 1.56669 1.52675 1.52675 1.56669 1.69871 2.05118 2.77628 4.0452 5.84283 8

=== Rank 1 的计算结果 ===
Rank 1 Row 1: 8 5.54071 3.47871 2.05118 1.22034 0.832619 0.682976 0.640518 0.640518 0.682976 0.832619 1.22034 2.05118 3.47871 5.54071 8
Rank 1 Row 2: 8 5.38966 3.21436 1.69871 0.832619 0.423752 0.270584 0.226524 0.226524 0.270584 0.423752 0.832619 1.69871 3.21436 5.38966 8
Rank 1 Row 3: 8 5.33309 3.10752 1.56669 0.682976 0.270584 0.115494 0.071434 0.071434 0.115494 0.270584 0.682976 1.56669 3.10752 5.33309 8
Rank 1 Row 4: 8 5.31505 3.07731 1.52675 0.640518 0.226524 0.071434 0.0273743 0.0273743 0.071434 0.226524 0.640518 1.52675 3.07731 5.31505 8

=== Rank 2 的计算结果 ===
Rank 2 Row 1: 8 5.31505 3.07731 1.52675 0.640518 0.226524 0.071434 0.0273743 0.0273743 0.071434 0.226524 0.640518 1.52675 3.07731 5.31505 8
Rank 2 Row 2: 8 5.33309 3.10752 1.56669 0.682976 0.270584 0.115494 0.071434 0.071434 0.115494 0.270584 0.682976 1.56669 3.10752 5.33309 8
Rank 2 Row 3: 8 5.38966 3.21436 1.69871 0.832619 0.423752 0.270584 0.226524 0.226524 0.270584 0.423752 0.832619 1.69871 3.21436 5.38966 8
Rank 2 Row 4: 8 5.54071 3.47871 2.05118 1.22034 0.832619 0.682976 0.640518 0.640518 0.682976 0.832619 1.22034 2.05118 3.47871 5.54071 8

=== Rank 3 的计算结果 ===
Rank 3 Row 1: 8 5.84283 4.0452 2.77628 2.05118 1.69871 1.56669 1.52675 1.52675 1.56669 1.69871 2.05118 2.77628 4.0452 5.84283 8
Rank 3 Row 2: 8 6.37155 4.99689 4.0452 3.47871 3.21436 3.10752 3.07731 3.07731 3.10752 3.21436 3.47871 4.0452 4.99689 6.37155 8
Rank 3 Row 3: 8 7.11176 6.37155 5.84283 5.54071 5.38966 5.33309 5.31505 5.31505 5.33309 5.38966 5.54071 5.84283 6.37155 7.11176 8
Rank 3 Row 4: 8 8 8 8 8 8 8 8 8 8 8 8 8 8 8 8
